[[
[[-50,-50,50],[50,-50,50],[50,50,50],[-50,50,50]],
[[-50,-50,-50],[50,-50,-50],[50,50,-50],[-50,50,-50]],
[[-50,-50,-50],[50,-50,-50],[50,-50,50],[-50,-50,50]],
[[-50,50,-50],[50,50,-50],[50,50,50],[-50,50,50]],
[[-50,50,50],[-50,50,-50],[-50,-50,-50],[-50,-50,50]],
[[50,50,50],[50,50,-50],[50,-50,-50],[50,-50,50]]
],[
[[0,50,0],[-50,-50,-50],[50,-50,-50]],
[[0,50,0],[50,-50,-50],[50,-50,50]],
[[0,50,0],[50,-50,50],[-50,-50,50]],
[[0,50,0],[-50,-50,50],[-50,-50,-50]],
],[
[[-200,0,-200],[-175,0,-200],[-175,0,-175],[-200,0,-175]],
[[-175,0,-200],[-150,0,-200],[-150,0,-175],[-175,0,-175]],
[[-150,0,-200],[-125,0,-200],[-125,0,-175],[-150,0,-175]],
[[-125,0,-200],[-100,0,-200],[-100,0,-175],[-125,0,-175]],
[[-100,0,-200],[-75,0,-200],[-75,0,-175],[-100,0,-175]],
[[-75,0,-200],[-50,0,-200],[-50,0,-175],[-75,0,-175]],
[[-50,0,-200],[-25,0,-200],[-25,0,-175],[-50,0,-175]],
[[-25,0,-200],[0,0,-200],[0,0,-175],[-25,0,-175]],
[[0,0,-200],[25,0,-200],[25,0,-175],[0,0,-175]],
[[25,0,-200],[50,0,-200],[50,0,-175],[25,0,-175]],
[[50,0,-200],[75,0,-200],[75,0,-175],[50,0,-175]],
[[75,0,-200],[100,0,-200],[100,0,-175],[75,0,-175]],
[[100,0,-200],[125,0,-200],[125,0,-175],[100,0,-175]],
[[125,0,-200],[150,0,-200],[150,0,-175],[125,0,-175]],
[[150,0,-200],[175,0,-200],[175,0,-175],[150,0,-175]],
[[175,0,-200],[200,0,-200],[200,0,-175],[175,0,-175]]
]]